Head Size(cm^3),Brain Weight(grams)
4512,1530
3738,1297
4261,1335
3777,1282
4177,1590
3585,1300
3785,1400
3559,1255
3613,1355
3982,1375
3443,1340
3993,1380
3640,1355
4208,1522
3832,1208
3876,1405
3497,1358
3466,1292
3095,1340
4424,1400
3878,1357
4046,1287
3804,1275
3710,1270
4747,1635
4423,1505
4036,1490
4022,1485
3454,1310
4175,1420
3787,1318
3796,1432
4103,1364
4161,1405
4158,1432
3814,1207
3527,1375
3748,1350
3334,1236
3492,1250
3962,1350
3505,1320
4315,1525
3804,1570
3863,1340
4034,1422
4308,1506
3165,1215
3641,1311
3644,1300
3891,1224
3793,1350
4270,1335
4063,1390
4012,1400
3458,1225
3890,1310
4166,1560
3935,1330
3669,1222
3866,1415
3393,1175
4442,1330
4253,1485
3727,1470
3329,1135
3415,1310
3372,1154
4430,1510
4381,1415
4008,1468
3858,1390
4121,1380
4057,1432
3824,1240
3394,1195
3558,1225
3362,1188
3930,1252
3835,1315
3830,1245
3856,1430
3249,1279
3577,1245
3933,1309
3850,1412
3309,1120
3406,1220
3506,1280
3907,1440
4160,1370
3318,1192
3662,1230
3899,1346
3700,1290
3779,1165
3473,1240
3490,1132
3654,1242
